0
0
0
0
0
0
0
0
0
0
0
0
0
0
0
285
537
694
786
846
888
918
939
953
962
962
957
946
929
902
862
801
706
546
229
0
0
0
0
0
0
0
0
0
0
0
0
0
0
0
0
0
0
0
0
0
0
0
0
0
0
0
0
35
147
226
348
359
589
922
962
921
999
1002
997
986
970
949
912
836
712
470
215
0
0
0
0
0
0
0
0
0
0
0
0
0
0
0
0
0
0
0
0
0
0
0
0
0
0
0
0
42
171
327
757
930
625
775
740
814
633
649
762
790
830
772
659
408
314
267
47
0
0
0
0
0
0
0
0
0
0
0
0
0
0
0
0
0
0
0
0
0
0
0
0
0
0
0
0
0
0
0
0
0
0
1
11
18
22
50
19
71
31
181
287
523
415
160
72
0
0
0
0
0
0
0
0
0
0
0
0
0
0
0
0
0
0
0
0
0
0
0
0
0
0
0
0
216
321
637
542
658
937
950
902
744
713
591
508
681
681
800
836
834
747
602
284
0
0
0
0
0
0
0
0
0
0
0
0
0
0
0
0
0
0
0
0
0
0
0
0
0
0
0
0
103
241
311
294
268
496
209
299
109
318
838
966
952
834
675
436
698
650
563
257
0
0
0
0
0
0
0
0
0
0
0
0
0
0
0
0
0
0
0
0
0
0
0
0
0
0
0
0
18
58
13
212
449
692
837
963
980
991
909
726
941
888
714
759
643
676
429
158
0
0
0
0
0
0
0
0
0
0
0
0
0
0
0
0
0
0
0
0
0
0
0
0
0
0
0
0
277
615
747
789
648
445
188
198
385
326
248
201
355
381
362
246
118
77
42
19
0
0
0
0
0
0
0
0
0
0
0
0
0
0
0
0
0
0
0
0
0
0
0
0
0
0
0
0
50
220
628
792
848
848
764
873
774
756
376
872
731
364
113
130
83
104
68
20
0
0
0
0
0
0
0
0
0
0
0
0
0
0
0
0
0
0
0
0
0
0
0
0
0
0
0
0
57
196
285
63
47
30
4
2
53
381
271
154
573
827
906
849
619
273
40
5
0
0
0
0
0
0
0
0
0
0
0
0
0
0
0
0
0
0
0
0
0
0
0
0
0
0
0
0
218
503
726
888
939
974
998
1014
1024
1030
1031
1027
1014
994
970
934
882
801
669
384
0
0
0
0
0
0
0
0
0
0
0
0
0
0
0
0
0
0
0
0
0
0
0
0
0
0
0
0
319
527
720
882
934
969
987
996
1007
1013
1013
1007
993
977
952
917
862
779
649
377
0
0
0
0
0
0
0
0
0
0
0
0
0
0
0
0
0
0
0
0
0
0
0
0
0
0
0
0
358
606
734
878
930
965
987
1001
1012
1017
1018
1013
999
977
953
917
865
785
655
414
33
0
0
0
0
0
0
0
0
0
0
0
0
0
0
0
0
0
0
0
0
0
0
0
0
0
0
0
192
282
609
516
907
821
511
450
526
566
784
959
978
957
934
900
850
771
644
411
34
0
0
0
0
0
0
0
0
0
0
0
0
0
0
0
0
0
0
0
0
0
0
0
0
0
0
0
188
443
664
723
418
389
602
530
559
499
681
912
420
245
333
450
378
323
220
89
12
0
0
0
0
0
0
0
0
0
0
0
0
0
0
0
0
0
0
0
0
0
0
0
0
0
0
0
66
160
233
266
236
298
311
357
387
504
429
374
376
581
714
820
794
718
585
333
19
0
0
0
0
0
0
0
0
0
0
0
0
0
0
0
0
0
0
0
0
0
0
0
0
0
0
0
48
116
140
320
808
616
901
914
909
816
585
150
313
312
35
18
46
146
87
189
19
0
0
0
0
0
0
0
0
0
0
0
0
0
0
0
0
0
0
0
0
0
0
0
0
0
0
0
227
494
704
894
948
991
1017
1034
1044
1049
1050
1046
1035
1018
985
964
917
847
733
524
52
0
0
0
0
0
0
0
0
0
0
0
0
0
0
0
0
0
0
0
0
0
0
0
0
0
0
7
152
352
550
733
662
744
911
991
1002
1008
1011
1007
970
970
955
920
856
767
678
463
76
0
0
0
0
0
0
0
0
0
0
0
0
0
0
0
0
0
0
0
0
0
0
0
0
0
0
33
299
548
756
867
936
972
992
1004
1015
1020
1018
1008
997
976
947
911
768
564
399
330
70
0
0
0
0
0
0
0
0
0
0
0
0
0
0
0
0
0
0
0
0
0
0
0
0
0
0
27
333
559
769
884
937
974
999
1016
1027
1033
1034
1030
1021
1007
984
952
906
837
723
519
94
0
0
0
0
0
0
0
0
0
0
0
0
0
0
0
0
0
0
0
0
0
0
0
0
0
0
37
304
553
783
912
808
806
674
525
821
859
874
681
855
907
912
678
455
492
309
95
14
0
0
0
0
0
0
0
0
0
0
0
0
0
0
0
0
0
0
0
0
0
0
0
0
0
0
35
218
539
789
902
951
985
1007
1021
1032
1037
1038
1034
1024
1007
986
955
913
849
742
554
108
0
0
0
0
0
0
0
0
0
0
0
0
0
0
0
0
0
0
0
0
0
0
0
0
0
0
37
364
618
794
926
974
1008
1029
1042
1049
1055
1055
1051
1040
1025
1001
967
922
856
749
559
148
0
0
0
0
0
0
0
0
0
0
0
0
0
0
0
0
0
0
0
0
0
0
0
0
0
0
18
296
531
737
847
901
937
963
980
992
998
1000
997
987
972
949
916
869
798
656
462
122
0
0
0
0
0
0
0
0
0
0
0
0
0
0
0
0
0
0
0
0
0
0
0
0
0
0
8
114
361
677
804
790
523
632
906
1013
1016
1015
1009
999
983
962
931
888
824
716
529
138
0
0
0
0
0
0
0
0
0
0
0
0
0
0
0
0
0
0
0
0
0
0
0
0
0
0
20
296
578
800
877
927
962
987
1004
1015
1020
1021
1017
1008
993
972
943
902
839
735
555
152
0
0
0
0
0
0
0
0
0
0
0
0
0
0
0
0
0
0
0
0
0
0
0
0
0
0
36
363
626
797
906
953
979
999
1013
1024
1030
1031
1028
1021
1008
988
959
917
854
756
583
169
0
0
0
0
0
0
0
0
0
0
0
0
0
0
0
0
0
0
0
0
0
0
0
0
0
0
36
374
618
789
897
945
978
998
1011
1021
1027
1028
1024
1009
988
971
941
896
829
724
541
174
0
0
0
0
0
0
0
0
0
0
0
0
0
0
0
0
0
0
0
0
0
0
0
0
0
0
51
341
579
762
887
936
971
993
1007
1019
1025
1027
1024
1016
1002
982
953
913
855
757
586
208
0
0
0
0
0
0
0
0
0
0
0
0
0
0
0
0
0
0
0
0
0
0
0
0
0
0
49
460
647
817
908
957
991
1015
1032
1042
1048
1050
1046
1039
1026
1006
978
938
878
783
618
232
0
0
0
0
0
0
0
0
0
0
0
0
0
0
0
0
0
0
0
0
0
0
0
0
0
0
45
296
534
766
800
919
949
971
988
999
1004
1006
1002
973
974
950
917
872
724
366
274
79
0
0
0
0
0
0
0
0
0
0
0
0
0
0
0
0
0
0
0
0
0
0
0
0
0
0
61
257
645
768
822
540
619
490
754
692
834
724
787
865
848
929
909
863
735
609
434
156
0
0
0
0
0
0
0
0
0
0
0
0
0
0
0
0
0
0
0
0
0
0
0
0
0
0
0
11
25
55
300
405
416
884
976
990
996
999
999
988
973
956
925
882
819
721
557
201
0
0
0
0
0
0
0
0
0
0
0
0
0
0
0
0
0
0
0
0
0
0
0
0
0
0
44
341
543
793
863
928
961
981
993
1004
1010
1011
1008
1001
989
969
941
900
841
748
591
257
0
0
0
0
0
0
0
0
0
0
0
0
0
0
0
0
0
0
0
0
0
0
0
0
0
0
48
328
563
688
788
942
970
992
973
952
1021
1018
990
995
974
953
923
884
826
649
574
247
0
0
0
0
0
0
0
0
0
0
0
0
0
0
0
0
0
0
0
0
0
0
0
0
0
0
84
218
422
640
732
776
940
984
1000
1010
1015
896
805
732
846
758
689
860
734
741
580
246
0
0
0
0
0
0
0
0
0
0
0
0
0
0
0
0
0
0
0
0
0
0
0
0
0
0
87
417
622
838
922
967
998
1019
1033
1043
1048
1049
1045
1035
1018
999
973
934
879
792
646
309
0
0
0
0
0
0
0
0
0
0
0
0
0
0
0
0
0
0
0
0
0
0
0
0
0
0
95
436
682
837
883
964
995
1016
1030
1040
1045
1045
1042
1032
1017
998
970
931
875
788
642
307
0
0
0
0
0
0
0
0
0
0
0
0
0
0
0
0
0
0
0
0
0
0
0
0
0
0
75
390
587
736
821
940
972
994
1010
1020
1025
1027
1026
1021
1008
989
961
921
863
775
629
331
0
0
0
0
0
0
0
0
0
0
0
0
0
0
0
0
0
0
0
0
0
0
0
0
0
0
0
34
26
36
126
271
196
282
329
505
670
635
882
1000
986
964
934
866
719
504
411
196
0
0
0
0
0
0
0
0
0
0
0
0
0
0
0
0
0
0
0
0
0
0
0
0
0
0
58
291
445
277
157
395
507
831
953
951
957
960
925
924
910
935
604
401
579
495
200
56
0
0
0
0
0
0
0
0
0
0
0
0
0
0
0
0
0
0
0
0
0
0
0
0
0
0
141
481
670
780
851
881
938
944
985
878
892
651
579
284
101
86
74
18
92
308
394
296
0
0
0
0
0
0
0
0
0
0
0
0
0
0
0
0
0
0
0
0
0
0
0
0
0
0
69
224
120
124
361
657
770
915
894
960
1011
845
926
744
886
894
853
807
827
330
154
62
0
0
0
0
0
0
0
0
0
0
0
0
0
0
0
0
0
0
0
0
0
0
0
0
0
0
0
21
37
530
791
783
774
436
93
34
174
249
44
76
122
244
183
15
90
126
0
70
0
0
0
0
0
0
0
0
0
0
0
0
0
0
0
0
0
0
0
0
0
0
0
0
0
0
0
0
0
0
0
0
0
0
0
0
1
3
4
17
40
57
96
134
36
2
0
5
5
0
0
0
0
0
0
0
0
0
0
0
0
0
0
0
0
0
0
0
0
0
0
0
0
0
0
0
0
0
0
0
0
2
2
4
10
9
1
8
4
0
0
13
6
0
0
0
0
0
0
0
0
0
0
0
0
0
0
0
0
0
0
0
0
0
0
0
0
0
0
0
0
0
43
103
164
221
268
304
331
351
371
444
496
507
524
482
419
258
120
108
118
97
54
17
0
0
0
0
0
0
0
0
0
0
0
0
0
0
0
0
0
0
0
0
0
0
0
0
0
0
15
286
706
482
344
472
409
526
721
514
194
344
333
348
370
342
241
285
222
275
309
169
10
0
0
0
0
0
0
0
0
0
0
0
0
0
0
0
0
0
0
0
0
0
0
0
0
0
17
12
118
163
258
376
251
156
238
408
732
855
683
1005
993
972
867
789
564
628
639
398
31
0
0
0
0
0
0
0
0
0
0
0
0
0
0
0
0
0
0
0
0
0
0
0
0
0
45
173
257
88
67
304
548
925
910
348
179
91
7
629
957
914
908
828
425
701
604
371
46
0
0
0
0
0
0
0
0
0
0
0
0
0
0
0
0
0
0
0
0
0
0
0
0
0
221
194
398
814
875
765
822
671
982
992
997
924
630
689
730
634
814
822
723
255
438
277
45
0
0
0
0
0
0
0
0
0
0
0
0
0
0
0
0
0
0
0
0
0
0
0
0
0
255
572
764
855
914
956
991
1012
1025
1034
1038
1038
1034
1025
1011
993
966
931
882
806
691
473
74
0
0
0
0
0
0
0
0
0
0
0
0
0
0
0
0
0
0
0
0
0
0
0
0
0
264
632
797
884
941
980
1008
1028
1042
1051
1055
1056
1053
1045
1029
1006
980
944
892
817
698
480
78
0
0
0
0
0
0
0
0
0
0
0
0
0
0
0
0
0
0
0
0
0
0
0
0
0
370
680
826
910
966
1004
1031
1050
1063
1071
1076
1076
1073
1066
1055
1038
1014
981
932
861
744
524
89
0
0
0
0
0
0
0
0
0
0
0
0
0
0
0
0
0
0
0
0
0
0
0
0
0
303
646
804
880
932
972
999
1019
1032
1041
1046
1047
1044
1036
1024
1007
982
947
898
824
706
498
85
0
0
0
0
0
0
0
0
0
0
0
0
0
0
0
0
0
0
0
0
0
0
0
0
27
361
668
807
891
946
984
1012
1031
1044
1051
1054
1054
1049
1042
1031
1016
994
955
903
830
715
506
115
0
0
0
0
0
0
0
0
0
0
0
0
0
0
0
0
0
0
0
0
0
0
0
0
10
64
152
476
480
240
86
257
437
438
820
564
875
940
837
880
833
640
473
136
189
197
117
26
0
0
0
0
0
0
0
0
0
0
0
0
0
0
0
0
0
0
0
0
0
0
0
0
26
101
196
304
325
435
608
887
734
589
255
26
323
141
6
4
48
149
13
26
655
671
484
114
0
0
0
0
0
0
0
0
0
0
0
0
0
0
0
0
0
0
0
0
0
0
0
0
40
384
630
824
901
952
983
1005
1022
1033
1041
1045
1045
1041
1034
1022
1005
982
949
902
833
730
540
137
0
0
0
0
0
0
0
0
0
0
0
0
0
0
0
0
0
0
0
0
0
0
0
0
44
469
714
835
909
959
993
1018
1036
1048
1056
1060
1060
1057
1046
1030
1013
989
957
911
842
735
544
141
0
0
0
0
0
0
0
0
0
0
0
0
0
0
0
0
0
0
0
0
0
0
0
0
74
411
647
823
898
948
987
1018
1034
1045
1053
1058
1058
1056
1054
1048
1032
1009
977
931
865
759
569
152
0
0
0
0
0
0
0
0
0
0
0
0
0
0
0
0
0
0
0
0
0
0
0
0
54
381
670
841
915
964
999
1024
1041
1053
1061
1058
1056
1053
1047
1036
1016
989
958
914
848
746
568
158
0
0
0
0
0
0
0
0
0
0
0
0
0
0
0
0
0
0
0
0
0
0
0
0
51
293
355
334
391
413
421
464
535
712
967
653
671
450
900
1048
1034
1016
986
945
882
783
605
206
0
0
0
0
0
0
0
0
0
0
0
0
0
0
0
0
0
0
0
0
0
0
0
0
7
110
238
300
379
426
429
428
515
653
963
738
497
722
745
560
541
697
716
793
749
669
282
44
0
0
0
0
0
0
0
0
0
0
0
0
0
0
0
0
0
0
0
0
0
0
0
0
127
523
723
834
904
950
981
999
1015
998
953
1040
514
255
251
392
194
255
544
423
292
76
36
4
0
0
0
0
0
0
0
0
0
0
0
0
0
0
0
0
0
0
0
0
0
0
0
0
23
128
212
551
729
617
549
418
798
635
910
769
335
246
404
715
674
515
459
435
640
512
358
106
0
0
0
0
0
0
0
0
0
0
0
0
0
0
0
0
0
0
0
0
0
0
0
0
9
135
262
377
545
499
661
560
813
889
880
533
736
1004
992
973
959
730
248
245
542
103
104
89
0
0
0
0
0
0
0
0
0
0
0
0
0
0
0
0
0
0
0
0
0
0
0
0
139
458
603
558
742
927
896
687
808
849
786
274
148
303
392
464
90
18
77
0
0
0
0
0
0
0
0
0
0
0
0
0
0
0
0
0
0
0
0
0
0
0
0
0
0
0
0
0
0
0
0
0
0
0
0
11
19
17
30
56
43
59
24
8
4
3
161
261
183
377
266
37
0
0
0
0
0
0
0
0
0
0
0
0
0
0
0
0
0
0
0
0
0
0
0
0
42
208
276
171
233
580
915
942
963
978
814
462
316
365
634
978
962
940
789
676
693
551
380
145
0
0
0
0
0
0
0
0
0
0
0
0
0
0
0
0
0
0
0
0
0
0
0
0
86
299
510
744
561
639
926
951
969
981
991
974
998
974
987
973
956
934
903
816
787
578
300
108
0
0
0
0
0
0
0
0
0
0
0
0
0
0
0
0
0
0
0
0
0
0
0
0
134
444
597
600
619
662
333
686
933
947
918
962
963
961
872
671
353
330
392
399
367
277
156
68
0
0
0
0
0
0
0
0
0
0
0
0
0
0
0
0
0
0
0
0
0
0
0
0
213
542
706
802
865
909
941
963
980
818
691
948
1011
1012
1008
1002
987
971
939
895
831
733
569
236
0
0
0
0
0
0
0
0
0
0
0
0
0
0
0
0
0
0
0
0
0
0
0
0
60
182
376
480
454
469
575
620
604
797
809
742
745
912
731
845
968
735
692
680
598
496
425
114
0
0
0
0
0
0
0
0
0
0
0
0
0
0
0
0
0
0
0
0
0
0
0
0
28
103
190
555
826
909
945
976
995
1008
1016
1020
1019
1015
1009
871
945
686
462
510
545
479
348
137
0
0
0
0
0
0
0
0
0
0
0
0
0
0
0
0
0
0
0
0
0
0
0
0
250
577
736
831
897
944
976
999
903
947
1026
1027
1029
1027
1016
999
983
960
929
886
744
310
246
116
0
0
0
0
0
0
0
0
0
0
0
0
0
0
0
0
0
0
0
0
0
0
0
0
138
308
467
811
875
952
875
995
1005
1011
1029
1044
1043
1015
681
568
614
708
714
803
789
770
623
319
0
0
0
0
0
0
0
0
0
0
0
0
0
0
0
0
0
0
0
0
0
0
0
0
327
599
773
870
928
969
999
1021
1034
1039
1043
1047
1047
1045
1035
1018
998
976
946
905
846
752
596
295
0
0
0
0
0
0
0
0
0
0
0
0
0
0
0
0
0
0
0
0
0
0
0
0
307
475
708
700
656
523
782
924
854
755
738
891
962
1010
925
931
805
627
409
366
592
471
314
124
0
0
0
0
0
0
0
0
0
0
0
0
0
0
0
0
0
0
0
0
0
0
0
0
303
559
715
818
860
919
875
935
910
968
988
989
963
988
978
900
873
651
331
529
770
603
432
165
0
0
0
0
0
0
0
0
0
0
0
0
0
0
0
0
0
0
0
0
0
0
0
0
0
0
124
459
602
797
608
437
502
472
733
997
903
972
985
970
956
935
902
855
750
660
509
240
0
0
0
0
0
0
0
0
0
0
0
0
0
0
0
0
0
0
0
0
0
0
0
7
109
218
394
533
740
884
912
932
896
838
808
770
802
175
113
147
83
86
26
16
14
42
27
12
0
0
0
0
0
0
0
0
0
0
0
0
0
0
0
0
0
0
0
0
0
0
0
22
331
563
724
815
872
914
940
958
888
888
460
363
441
568
864
809
866
394
628
740
449
226
218
102
0
0
0
0
0
0
0
0
0
0
0
0
0
0
0
0
0
0
0
0
0
0
0
0
0
0
0
0
3
8
11
9
14
11
9
17
24
22
53
68
59
46
60
53
34
67
12
6
5
0
0
0
0
0
0
0
0
0
0
0
0
0
0
0
0
0
0
0
0
0
0
42
354
592
730
819
878
920
954
978
994
1007
1018
1021
1021
1017
950
1004
963
966
934
891
796
726
581
306
16
0
0
0
0
0
0
0
0
0
0
0
0
0
0
0
0
0
0
0
0
0
0
43
347
576
709
792
849
891
922
944
966
986
994
998
1000
998
991
953
918
842
892
873
814
733
604
356
24
0
0
0
0
0
0
0
0
0
0
0
0
0
0
0
0
0
0
0
0
0
0
65
428
649
775
855
907
943
969
988
1003
1012
1016
1017
1017
1014
1005
990
783
421
366
378
520
228
311
225
20
0
0
0
0
0
0
0
0
0
0
0
0
0
0
0
0
0
0
0
0
0
0
86
432
647
768
845
897
934
962
982
1000
1015
1021
1024
1024
1020
1011
998
983
964
938
899
843
759
626
379
28
0
0
0
0
0
0
0
0
0
0
0
0
0
0
0
0
0
0
0
0
0
0
20
136
253
331
391
410
356
441
641
1001
884
960
648
490
856
951
878
929
861
796
822
797
590
529
273
24
0
0
0
0
0
0
0
0
0
0
0
0
0
0
0
0
0
0
0
0
0
0
6
258
641
767
851
865
649
720
880
628
424
613
442
769
772
649
521
448
252
158
53
42
29
5
2
0
0
0
0
0
0
0
0
0
0
0
0
0
0
0
0
0
0
0
0
0
0
0
113
472
669
785
860
909
943
967
987
997
998
1004
1007
1009
1010
961
997
980
956
926
887
831
751
627
400
54
0
0
0
0
0
0
0
0
0
0
0
0
0
0
0
0
0
0
0
0
0
0
78
348
527
445
827
880
915
942
961
978
990
996
997
996
991
980
963
945
920
888
844
783
697
521
243
36
0
0
0
0
0
0
0
0
0
0
0
0
0
0
0
0
0
0
0
0
0
0
106
419
618
739
817
872
912
941
963
979
991
998
1002
1002
999
993
983
968
948
919
879
822
735
596
183
16
0
0
0
0
0
0
0
0
0
0
0
0
0
0
0
0
0
0
0
0
0
0
129
446
630
742
814
865
902
838
788
861
956
769
506
541
470
588
198
188
767
896
859
801
727
610
390
54
0
0
0
0
0
0
0
0
0
0
0
0
0
0
0
0
0
0
0
0
0
0
0
1
6
43
103
236
306
228
433
520
162
360
593
551
400
330
245
167
284
563
452
376
479
303
23
0
0
0
0
0
0
0
0
0
0
0
0
0
0
0
0
0
0
0
0
0
0
0
47
139
238
326
372
293
321
306
360
376
351
415
368
615
688
782
864
529
700
716
788
803
730
618
416
66
0
0
0
0
0
0
0
0
0
0
0
0
0
0
0
0
0
0
0
0
0
0
84
254
626
579
508
526
273
639
938
960
978
985
986
987
986
972
949
931
908
877
834
774
645
253
112
10
0
0
0
0
0
0
0
0
0
0
0
0
0
0
0
0
0
0
0
0
0
0
154
451
534
637
534
654
720
734
658
596
461
498
761
916
777
557
669
806
766
786
850
779
689
567
342
53
0
0
0
0
0
0
0
0
0
0
0
0
0
0
0
0
0
0
0
0
0
0
177
476
645
750
819
868
904
931
951
967
980
988
992
993
991
981
966
951
932
906
868
811
733
605
392
77
0
0
0
0
0
0
0
0
0
0
0
0
0
0
0
0
0
0
0
0
0
0
194
479
645
749
820
870
908
937
958
970
977
985
988
991
989
985
978
965
943
897
847
817
738
615
401
75
0
0
0
0
0
0
0
0
0
0
0
0
0
0
0
0
0
0
0
0
0
0
252
542
697
792
854
898
930
954
971
984
993
999
1001
1002
998
977
950
938
922
890
860
805
625
609
399
78
0
0
0
0
0
0
0
0
0
0
0
0
0
0
0
0
0
0
0
0
0
0
164
477
680
801
883
934
972
999
1019
1034
1045
1051
1050
1042
1039
1033
1023
1007
986
958
920
867
791
620
288
78
0
0
0
0
0
0
0
0
0
0
0
0
0
0
0
0
0
0
0
0
0
0
321
614
758
846
905
947
977
998
1013
1023
1028
1032
1033
1032
1027
1018
1005
990
971
945
909
856
785
674
477
111
0
0
0
0
0
0
0
0
0
0
0
0
0
0
0
0
0
0
0
0
0
24
368
630
770
855
908
945
975
997
1013
1028
1040
1044
1045
1043
1038
1031
1021
1006
986
961
926
876
805
692
495
121
0
0
0
0
0
0
0
0
0
0
0
0
0
0
0
0
0
0
0
0
0
19
326
586
720
818
877
920
887
960
878
1008
1013
812
611
314
175
142
279
582
273
484
520
389
495
108
68
54
0
0
0
0
0
0
0
0
0
0
0
0
0
0
0
0
0
0
0
0
0
1
87
101
222
511
678
499
610
553
662
942
1003
1011
1019
1021
1022
1013
1005
988
964
930
884
828
740
607
395
91
0
0
0
0
0
0
0
0
0
0
0
0
0
0
0
0
0
0
0
0
0
0
82
368
485
511
550
530
617
974
926
975
1014
992
1023
1023
1020
1014
1004
988
967
937
896
843
759
624
413
106
0
0
0
0
0
0
0
0
0
0
0
0
0
0
0
0
0
0
0
0
0
15
256
486
624
715
777
823
857
881
899
923
910
728
775
527
739
787
712
520
543
328
387
550
316
181
132
20
0
0
0
0
0
0
0
0
0
0
0
0
0
0
0
0
0
0
0
0
0
36
324
561
699
791
854
900
935
966
989
1007
1024
1031
1038
1040
1035
1028
1016
1001
981
953
915
864
785
668
480
143
0
0
0
0
0
0
0
0
0
0
0
0
0
0
0
0
0
0
0
0
0
55
399
627
754
834
889
929
959
981
997
1009
1016
1021
999
1022
1016
1005
992
977
958
930
817
769
586
312
202
53
0
0
0
0
0
0
0
0
0
0
0
0
0
0
0
0
0
0
0
0
0
46
140
358
705
754
370
30
28
86
110
101
322
336
87
132
544
930
920
940
886
893
856
805
733
622
154
11
0
0
0
0
0
0
0
0
0
0
0
0
0
0
0
0
0
0
0
0
0
47
335
550
684
771
834
878
911
937
957
969
977
983
988
988
985
978
968
954
936
909
873
823
753
391
172
45
0
0
0
0
0
0
0
0
0
0
0
0
0
0
0
0
0
0
0
0
0
23
139
530
729
807
861
899
927
801
930
961
989
995
998
998
972
953
963
947
925
897
838
805
709
549
413
150
0
0
0
0
0
0
0
0
0
0
0
0
0
0
0
0
0
0
0
0
0
20
105
183
185
542
680
821
858
886
909
925
938
946
951
951
947
943
936
921
900
871
832
780
703
587
409
137
0
0
0
0
0
0
0
0
0
0
0
0
0
0
0
0
0
0
0
0
0
64
333
532
658
742
800
843
790
617
461
538
465
354
300
254
261
323
426
404
442
517
557
605
504
447
297
98
0
0
0
0
0
0
0
0
0
0
0
0
0
0
0
0
0
0
0
0
0
0
0
0
0
0
2
7
11
18
11
8
23
29
86
244
111
94
248
276
231
192
530
419
367
402
284
110
0
0
0
0
0
0
0
0
0
0
0
0
0
0
0
0
0
0
0
0
0
74
354
545
665
745
803
845
877
902
921
941
960
966
969
969
965
960
951
938
921
867
850
662
500
223
94
13
0
0
0
0
0
0
0
0
0
0
0
0
0
0
0
0
0
0
0
0
0
101
405
603
726
805
861
901
932
955
973
981
984
991
995
994
990
983
972
956
933
905
866
816
741
629
456
161
0
0
0
0
0
0
0
0
0
0
0
0
0
0
0
0
0
0
0
0
0
5
16
42
435
732
685
690
890
686
312
591
947
989
992
990
986
980
899
901
748
503
468
711
735
552
388
151
0
0
0
0
0
0
0
0
0
0
0
0
0
0
0
0
0
0
0
0
0
122
436
625
665
437
323
446
229
54
73
347
415
458
607
690
651
681
572
546
508
517
378
487
281
31
11
9
0
0
0
0
0
0
0
0
0
0
0
0
0
0
0
0
0
0
0
0
0
24
108
258
341
464
636
583
825
928
814
746
956
954
947
905
783
236
281
452
181
357
584
724
570
587
482
204
0
0
0
0
0
0
0
0
0
0
0
0
0
0
0
0
0
0
0
0
0
145
470
654
765
840
893
930
959
981
998
1010
1020
1026
1032
1034
1032
1025
1014
1000
982
957
924
880
816
722
569
281
0
0
0
0
0
0
0
0
0
0
0
0
0
0
0
0
0
0
0
0
0
153
481
657
764
836
886
923
950
971
987
998
1006
1010
1013
1012
1008
1002
992
978
960
935
902
856
791
694
537
251
0
0
0
0
0
0
0
0
0
0
0
0
0
0
0
0
0
0
0
0
0
164
470
644
749
819
869
906
933
954
970
981
989
995
998
998
995
988
977
962
941
916
882
835
768
672
519
245
0
0
0
0
0
0
0
0
0
0
0
0
0
0
0
0
0
0
0
0
0
184
489
659
762
831
880
916
944
965
981
993
1000
1006
1008
1007
1004
997
988
966
955
930
897
845
752
688
494
262
0
0
0
0
0
0
0
0
0
0
0
0
0
0
0
0
0
0
0
0
0
88
150
400
719
789
837
872
833
667
725
849
947
951
937
897
652
779
595
535
781
832
823
774
702
574
430
196
0
0
0
0
0
0
0
0
0
0
0
0
0
0
0
0
0
0
0
0
0
149
422
594
707
633
255
679
913
937
958
975
988
997
1001
1002
1002
998
991
978
960
934
899
856
790
692
542
292
17
0
0
0
0
0
0
0
0
0
0
0
0
0
0
0
0
0
0
0
0
215
523
684
783
849
896
930
954
973
986
992
994
998
1000
999
995
988
978
964
928
818
887
843
782
692
550
303
19
0
0
0
0
0
0
0
0
0
0
0
0
0
0
0
0
0
0
0
0
195
487
647
745
813
861
897
911
944
958
891
860
863
955
993
990
970
941
925
840
562
792
793
730
641
373
135
15
0
0
0
0
0
0
0
0
0
0
0
0
0
0
0
0
0
0
0
0
208
483
646
752
822
875
913
941
962
977
983
983
986
984
981
976
971
965
952
931
905
872
827
762
666
518
273
15
0
0
0
0
0
0
0
0
0
0
0
0
0
0
0
0
0
0
0
0
229
504
660
758
824
873
911
939
960
976
989
1001
1006
994
1007
920
785
502
369
270
465
497
278
135
301
260
154
10
0
0
0
0
0
0
0
0
0
0
0
0
0
0
0
0
0
0
0
0
281
555
703
793
853
896
927
935
863
578
550
450
741
455
835
811
432
331
515
539
404
565
518
761
646
542
315
23
0
0
0
0
0
0
0
0
0
0
0
0
0
0
0
0
0
0
0
0
269
537
683
775
838
884
918
944
964
979
989
997
1003
1005
1004
1000
990
974
961
944
922
784
770
264
205
184
109
0
0
0
0
0
0
0
0
0
0
0
0
0
0
0
0
0
0
0
0
0
248
514
665
762
831
879
914
943
965
980
992
1001
1007
1011
1010
1006
1000
990
976
959
935
904
861
803
716
579
347
42
0
0
0
0
0
0
0
0
0
0
0
0
0
0
0
0
0
0
0
0
248
512
660
755
820
867
901
928
948
962
974
982
986
987
987
983
977
969
954
934
908
873
829
770
686
525
246
40
0
0
0
0
0
0
0
0
0
0
0
0
0
0
0
0
0
0
0
0
247
514
667
767
833
880
916
946
967
983
995
1005
1010
996
1013
1008
1003
998
980
957
931
891
845
773
671
528
309
39
0
0
0
0
0
0
0
0
0
0
0
0
0
0
0
0
0
0
0
12
256
520
676
776
844
893
928
955
975
989
996
1002
1004
1005
1002
994
994
994
979
957
928
889
844
774
674
531
307
37
0
0
0
0
0
0
0
0
0
0
0
0
0
0
0
0
0
0
0
16
294
554
702
795
858
905
940
966
988
1003
1015
1024
1028
1029
1028
1022
1014
1001
985
966
942
909
866
806
717
579
346
42
0
0
0
0
0
0
0
0
0
0
0
0
0
0
0
0
0
0
0
9
216
461
616
716
782
829
866
890
911
924
932
936
938
936
931
923
922
921
902
880
851
813
765
697
599
456
246
26
0
0
0
0
0
0
0
0
0
0
0
0
0
0
0
0
0
0
0
7
160
366
518
626
705
766
809
844
867
885
904
921
923
921
914
903
897
869
738
543
180
269
33
367
525
347
124
5
0
0
0
0
0
0
0
0
0
0
0
0
0
0
0
0
0
0
0
12
234
472
623
723
790
839
875
902
922
937
946
951
956
957
956
953
950
946
934
918
895
867
824
768
685
556
345
48
0
0
0
0
0
0
0
0
0
0
0
0
0
0
0
0
0
0
0
15
255
491
638
737
806
857
893
922
943
960
974
984
990
992
991
988
981
972
959
943
920
888
846
785
696
562
347
59
0
0
0
0
0
0
0
0
0
0
0
0
0
0
0
0
0
0
0
15
262
498
643
737
803
852
866
729
852
727
717
933
892
985
984
980
979
974
962
949
927
901
862
810
735
615
414
87
0
0
0
0
0
0
0
0
0
0
0
0
0
0
0
0
0
0
0
22
316
549
688
780
842
886
920
945
965
980
984
984
990
992
992
989
989
989
976
958
936
906
863
806
733
590
321
65
0
0
0
0
0
0
0
0
0
0
0
0
0
0
0
0
0
0
0
23
311
504
665
749
646
182
107
405
873
940
840
342
24
28
377
616
355
697
520
294
176
180
11
6
69
192
90
26
0
0
0
0
0
0
0
0
0
0
0
0
0
0
0
0
0
0
0
24
326
563
700
793
858
902
936
961
980
995
1003
1007
1012
1014
1013
1010
1006
1000
987
925
891
655
523
524
668
405
343
53
0
0
0
0
0
0
0
0
0
0
0
0
0
0
0
0
0
0
0
13
62
97
277
423
413
533
460
420
769
993
1005
1015
1019
1021
1020
1015
1000
978
964
944
920
887
845
787
706
586
391
86
0
0
0
0
0
0
0
0
0
0
0
0
0
0
0
0
0
0
0
49
366
587
716
801
859
899
930
955
974
989
996
1000
1004
1004
1001
997
989
979
966
897
816
832
828
777
720
549
370
86
0
0
0
0
0
0
0
0
0
0
0
0
0
0
0
0
0
0
0
27
284
550
683
771
795
848
785
919
941
974
989
1002
1009
1012
1015
1013
1000
982
969
951
928
898
858
804
728
613
427
104
0
0
0
0
0
0
0
0
0
0
0
0
0
0
0
0
0
0
0
46
236
393
666
725
549
805
928
952
969
981
990
997
958
995
992
984
973
958
945
929
907
828
709
774
716
605
422
123
0
0
0
0
0
0
0
0
0
0
0
0
0
0
0
0
0
0
0
34
282
499
643
747
815
869
905
932
953
969
976
977
981
982
982
977
973
968
955
937
915
886
846
794
671
511
414
126
0
0
0
0
0
0
0
0
0
0
0
0
0
0
0
0
0
0
0
10
56
118
100
271
526
553
467
518
573
544
759
708
745
809
782
862
771
768
707
650
692
688
538
634
648
523
332
78
0
0
0
0
0
0
0
0
0
0
0
0
0
0
0
0
0
0
0
0
0
1
267
360
256
454
657
726
768
793
825
858
864
866
867
865
861
854
793
151
0
0
0
0
0
0
0
0
0
0
0
0
0
0
0
0
0
0
0
0
0
0
0
0
0
0
0
24
223
422
561
660
739
802
846
884
908
929
946
961
967
970
971
971
961
945
930
911
887
854
813
744
661
530
297
78
0
0
0
0
0
0
0
0
0
0
0
0
0
0
0
0
0
0
0
45
334
549
680
766
826
870
903
928
947
961
960
955
957
956
859
871
633
678
908
822
442
303
62
16
6
0
0
0
0
0
0
0
0
0
0
0
0
0
0
0
0
0
0
0
0
0
0
0
178
431
550
566
421
383
804
833
832
825
900
912
932
934
933
903
915
685
341
235
195
185
137
199
232
172
107
23
0
0
0
0
0
0
0
0
0
0
0
0
0
0
0
0
0
0
0
36
286
497
630
722
786
833
868
895
917
933
947
958
962
964
962
958
951
882
649
700
399
700
736
680
423
195
127
30
0
0
0
0
0
0
0
0
0
0
0
0
0
0
0
0
0
0
0
34
268
385
350
673
755
803
840
868
453
834
926
941
948
953
953
951
873
935
921
902
877
845
752
489
454
231
162
31
0
0
0
0
0
0
0
0
0
0
0
0
0
0
0
0
0
0
0
0
0
0
0
0
0
50
140
58
47
231
227
84
156
88
81
48
35
51
104
67
120
109
90
84
122
12
2
0
0
0
0
0
0
0
0
0
0
0
0
0
0
0
0
0
0
0
0
21
77
201
299
649
720
776
819
856
883
907
925
942
949
955
956
955
953
948
937
922
902
876
837
788
719
615
442
155
0
0
0
0
0
0
0
0
0
0
0
0
0
0
0
0
0
0
0
32
283
505
647
743
809
857
894
922
945
965
983
999
1004
1007
1007
1004
999
991
982
969
949
922
885
837
767
663
492
184
0
0
0
0
0
0
0
0
0
0
0
0
0
0
0
0
0
0
0
40
315
529
663
750
813
860
895
922
943
959
972
982
986
987
984
980
976
971
958
940
917
887
847
791
711
596
406
125
0
0
0
0
0
0
0
0
0
0
0
0
0
0
0
0
0
0
0
22
219
421
560
656
724
775
813
844
867
886
907
926
932
935
936
934
887
598
207
9
3
1
1
26
66
70
141
80
0
0
0
0
0
0
0
0
0
0
0
0
0
0
0
0
0
0
0
25
239
447
583
676
741
790
826
853
874
890
905
918
924
927
927
924
919
910
898
882
861
830
782
311
110
122
1
0
0
0
0
0
0
0
0
0
0
0
0
0
0
0
0
0
0
0
0
0
7
82
417
570
203
488
584
384
379
298
306
132
99
256
235
115
157
540
553
153
35
62
129
62
305
272
87
16
0
0
0
0
0
0
0
0
0
0
0
0
0
0
0
0
0
0
0
4
64
134
102
8
101
94
79
65
23
98
196
521
176
66
53
28
82
189
405
482
716
843
808
679
690
583
407
137
0
0
0
0
0
0
0
0
0
0
0
0
0
0
0
0
0
0
0
39
297
507
641
733
796
844
880
908
929
946
958
968
973
975
975
972
964
951
939
922
900
871
834
786
718
620
465
188
0
0
0
0
0
0
0
0
0
0
0
0
0
0
0
0
0
0
0
51
348
550
673
753
810
851
883
907
926
941
954
964
969
972
972
970
963
953
941
926
906
879
843
795
728
630
473
189
0
0
0
0
0
0
0
0
0
0
0
0
0
0
0
0
0
0
0
45
331
541
669
753
811
854
887
912
931
947
958
966
970
973
973
971
965
958
947
931
911
886
851
807
746
652
499
209
0
0
0
0
0
0
0
0
0
0
0
0
0
0
0
0
0
0
0
51
368
588
716
800
858
900
931
954
971
985
996
1004
1008
1010
1008
1004
995
982
973
960
942
918
883
837
772
673
516
217
0
0
0
0
0
0
0
0
0
0
0
0
0
0
0
0
0
0
0
41
318
531
659
743
802
845
877
902
921
936
943
946
951
952
952
948
944
937
925
910
889
862
826
777
709
608
448
172
0
0
0
0
0
0
0
0
0
0
0
0
0
0
0
0
0
0
0
40
314
530
661
748
810
854
887
914
934
949
964
975
980
983
986
984
978
970
961
947
928
906
870
825
761
665
509
210
0
0
0
0
0
0
0
0
0
0
0
0
0
0
0
0
0
0
0
45
346
571
703
788
847
890
922
946
964
977
985
989
993
994
993
989
981
971
959
942
920
892
855
806
737
635
472
182
0
0
0
0
0
0
0
0
0
0
0
0
0
0
0
0
0
0
0
16
203
415
559
655
726
778
819
851
877
898
930
965
968
969
968
964
958
950
938
922
900
872
835
783
708
601
435
157
0
0
0
0
0
0
0
0
0
0
0
0
0
0
0
0
0
0
0
30
279
498
632
720
781
826
861
886
907
922
935
944
949
951
950
947
942
933
920
905
884
857
820
770
700
598
436
164
0
0
0
0
0
0
0
0
0
0
0
0
0
0
0
0
0
0
0
18
266
485
623
715
779
826
862
890
911
926
939
948
952
956
955
952
947
939
926
908
743
588
795
708
689
386
203
58
0
0
0
0
0
0
0
0
0
0
0
0
0
0
0
0
0
0
0
20
286
501
634
722
785
831
865
892
913
929
944
956
961
965
965
963
954
941
929
912
889
860
823
773
702
600
302
28
0
0
0
0
0
0
0
0
0
0
0
0
0
0
0
0
0
0
0
5
104
218
428
659
764
822
857
867
848
812
812
707
474
882
902
849
718
856
802
675
435
215
479
502
600
565
329
88
0
0
0
0
0
0
0
0
0
0
0
0
0
0
0
0
0
0
0
0
0
77
118
3
0
6
29
205
161
96
238
220
112
205
64
134
239
356
130
17
0
44
110
118
42
86
52
6
0
0
0
0
0
0
0
0
0
0
0
0
0
0
0
0
0
0
0
17
241
143
20
17
17
0
1
36
348
528
910
627
649
942
943
942
898
915
904
879
714
487
440
705
711
592
445
178
0
0
0
0
0
0
0
0
0
0
0
0
0
0
0
0
0
0
0
19
287
515
654
745
808
853
886
912
931
946
961
974
979
981
979
975
966
954
942
925
901
872
835
783
709
605
292
87
0
0
0
0
0
0
0
0
0
0
0
0
0
0
0
0
0
0
0
0
119
57
209
35
273
771
783
407
328
80
73
265
253
64
119
742
902
932
836
466
492
87
320
264
73
1
0
4
0
0
0
0
0
0
0
0
0
0
0
0
0
0
0
0
0
0
0
4
25
92
252
416
297
127
375
243
271
607
784
826
425
365
330
140
17
106
410
543
537
552
642
429
161
42
9
1
0
0
0
0
0
0
0
0
0
0
0
0
0
0
0
0
0
0
0
0
0
0
0
27
36
67
94
221
326
850
927
939
942
942
939
933
926
916
863
844
630
163
10
169
29
47
145
69
0
0
0
0
0
0
0
0
0
0
0
0
0
0
0
0
0
0
0
9
202
428
408
26
0
0
43
634
861
874
474
210
441
230
76
124
419
618
326
682
600
592
747
720
528
336
151
74
0
0
0
0
0
0
0
0
0
0
0
0
0
0
0
0
0
0
0
9
173
135
370
309
479
760
780
621
495
181
292
626
364
701
851
638
714
562
876
769
768
711
555
701
650
558
299
52
0
0
0
0
0
0
0
0
0
0
0
0
0
0
0
0
0
0
0
3
3
0
2
1
8
5
17
73
144
373
387
225
227
793
882
882
895
817
338
570
701
670
564
389
498
345
257
78
0
0
0
0
0
0
0
0
0
0
0
0
0
0
0
0
0
0
0
0
5
36
110
165
304
493
536
633
741
448
365
171
165
30
160
206
15
254
520
503
679
789
775
725
659
540
252
48
0
0
0
0
0
0
0
0
0
0
0
0
0
0
0
0
0
0
0
0
0
0
0
0
0
2
34
23
19
11
49
102
64
450
280
269
324
360
447
648
429
259
305
158
0
0
57
6
0
0
0
0
0
0
0
0
0
0
0
0
0
0
0
0
0
0
0
0
2
14
40
102
172
83
83
71
21
111
384
767
505
345
359
388
505
405
538
708
505
438
461
535
353
204
135
43
0
0
0
0
0
0
0
0
0
0
0
0
0
0
0
0
0
0
0
0
16
111
158
120
132
178
125
219
358
286
51
105
360
794
882
900
895
744
250
90
27
30
1
1
0
0
0
0
0
0
0
0
0
0
0
0
0
0
0
0
0
0
0
0
0
0
0
0
192
435
583
532
547
762
536
643
504
238
188
347
397
374
631
927
880
865
884
846
842
698
554
528
502
320
228
81
0
0
0
0
0
0
0
0
0
0
0
0
0
0
0
0
0
0
0
0
0
2
83
146
213
475
670
446
350
669
891
899
905
886
336
96
93
213
325
488
322
128
35
77
109
131
79
14
0
0
0
0
0
0
0
0
0
0
0
0
0
0
0
0
0
0
0
0
0
0
2
103
59
5
25
23
13
210
720
866
873
859
814
539
678
695
485
274
280
293
337
409
513
536
380
73
0
0
0
0
0
0
0
0
0
0
0
0
0
0
0
0
0
0
0
0
97
342
296
454
473
454
613
797
793
786
906
916
920
794
747
680
288
86
36
33
77
65
45
246
329
20
0
0
0
0
0
0
0
0
0
0
0
0
0
0
0
0
0
0
0
0
0
0
146
382
539
642
713
764
804
834
859
878
879
872
880
884
885
512
147
477
673
171
22
256
367
478
284
83
46
69
0
0
0
0
0
0
0
0
0
0
0
0
0
0
0
0
0
0
0
0
109
343
510
621
699
756
798
831
856
876
897
916
923
927
928
925
920
912
899
882
859
830
791
738
663
553
380
117
0
0
0
0
0
0
0
0
0
0
0
0
0
0
0
0
0
0
0
0
120
368
533
639
713
767
808
839
863
882
896
906
913
916
916
913
912
911
898
882
859
830
790
738
663
553
378
115
0
0
0
0
0
0
0
0
0
0
0
0
0
0
0
0
0
0
0
0
104
357
568
672
724
795
833
863
886
903
916
927
932
935
935
932
925
914
901
868
690
202
351
248
68
395
151
18
0
0
0
0
0
0
0
0
0
0
0
0
0
0
0
0
0
0
0
0
130
385
552
651
707
792
832
743
823
906
919
929
936
940
940
939
936
932
921
906
885
858
820
769
697
590
418
126
0
0
0
0
0
0
0
0
0
0
0
0
0
0
0
0
0
0
0
0
146
272
515
685
756
807
845
873
880
794
925
934
939
941
941
938
935
931
919
903
882
854
816
764
692
584
408
119
0
0
0
0
0
0
0
0
0
0
0
0
0
0
0
0
0
0
0
0
135
402
571
679
752
805
844
875
897
915
932
945
951
955
955
953
942
926
915
900
879
852
813
762
691
582
406
117
0
0
0
0
0
0
0
0
0
0
0
0
0
0
0
0
0
0
0
0
143
412
578
683
755
806
844
873
896
914
924
929
936
939
938
935
932
926
912
894
871
840
800
745
669
555
373
98
0
0
0
0
0
0
0
0
0
0
0
0
0
0
0
0
0
0
0
0
85
319
486
592
663
677
568
640
390
361
337
325
444
534
619
555
572
546
644
519
629
684
627
410
300
250
147
21
0
0
0
0
0
0
0
0
0
0
0
0
0
0
0
0
0
0
0
0
16
218
432
549
637
705
755
746
824
847
865
881
886
888
889
888
893
898
888
874
853
826
786
667
345
126
72
12
0
0
0
0
0
0
0
0
0
0
0
0
0
0
0
0
0
0
0
0
0
0
0
10
59
207
306
462
383
451
585
472
440
521
698
610
680
791
832
814
790
760
398
239
146
19
5
3
0
0
0
0
0
0
0
0
0
0
0
0
0
0
0
0
0
0
0
0
0
0
0
0
0
12
27
39
139
353
496
522
693
715
698
713
731
485
385
410
251
409
152
365
353
182
175
38
0
0
0
0
0
0
0
0
0
0
0
0
0
0
0
0
0
0
0
0
1
106
346
110
53
198
159
367
460
322
819
737
818
877
876
870
867
862
848
830
805
772
727
668
586
466
284
53
0
0
0
0
0
0
0
0
0
0
0
0
0
0
0
0
0
0
0
0
3
68
184
397
429
711
481
392
609
836
885
900
906
863
906
902
898
893
878
859
832
783
716
311
75
17
1
0
0
0
0
0
0
0
0
0
0
0
0
0
0
0
0
0
0
0
0
0
30
290
469
538
584
728
772
806
831
851
870
885
892
895
894
890
884
874
858
656
367
162
36
11
40
0
0
0
0
0
0
0
0
0
0
0
0
0
0
0
0
0
0
0
0
0
0
0
0
0
1
93
134
317
505
653
526
632
812
866
875
881
882
880
874
864
854
839
692
440
99
58
10
4
0
0
0
0
0
0
0
0
0
0
0
0
0
0
0
0
0
0
0
0
0
0
52
250
418
534
617
677
724
759
787
809
831
850
858
863
867
867
860
850
562
396
422
114
33
0
0
0
30
6
0
0
0
0
0
0
0
0
0
0
0
0
0
0
0
0
0
0
0
0
41
224
387
504
592
657
709
749
782
809
827
839
851
861
863
863
846
821
808
790
765
732
655
530
502
369
231
32
0
0
0
0
0
0
0
0
0
0
0
0
0
0
0
0
0
0
0
0
53
231
449
569
653
714
758
791
814
702
795
796
783
854
833
842
840
811
448
297
352
527
246
7
56
88
51
5
0
0
0
0
0
0
0
0
0
0
0
0
0
0
0
0
0
0
0
0
69
333
524
647
730
790
833
866
890
908
922
934
939
942
941
938
932
921
669
226
392
783
791
705
287
160
289
45
0
0
0
0
0
0
0
0
0
0
0
0
0
0
0
0
0
0
0
0
72
345
533
652
731
788
829
860
883
902
914
923
929
932
932
929
797
780
827
738
644
658
700
706
644
520
318
44
0
0
0
0
0
0
0
0
0
0
0
0
0
0
0
0
0
0
0
0
69
344
537
658
736
792
831
861
883
900
910
915
922
926
926
924
920
914
901
883
859
792
527
437
296
232
136
14
0
0
0
0
0
0
0
0
0
0
0
0
0
0
0
0
0
0
0
0
81
376
565
680
755
807
845
873
894
911
928
943
949
951
951
948
933
913
900
882
858
827
784
725
639
508
295
35
0
0
0
0
0
0
0
0
0
0
0
0
0
0
0
0
0
0
0
0
20
111
190
253
459
751
707
459
126
107
93
173
172
294
463
841
828
830
816
802
738
557
440
206
196
61
20
4
0
0
0
0
0
0
0
0
0
0
0
0
0
0
0
0
0
0
0
0
2
0
0
2
0
0
2
9
21
38
27
27
41
129
48
16
18
19
38
55
31
55
14
1
38
5
0
0
0
0
0
0
0
0
0
0
0
0
0
0
0
0
0
0
0
0
0
0
0
19
0
0
1
3
1
3
59
178
209
214
277
323
299
216
126
61
90
230
313
344
336
323
411
240
103
2
0
0
0
0
0
0
0
0
0
0
0
0
0
0
0
0
0
0
0
0
0
22
283
466
568
648
709
680
767
769
606
526
379
13
42
370
820
745
401
317
43
239
178
112
221
84
76
9
0
0
0
0
0
0
0
0
0
0
0
0
0
0
0
0
0
0
0
0
20
177
386
525
620
692
741
705
659
825
854
580
391
339
257
846
662
458
311
303
474
758
770
447
141
343
287
20
0
0
0
0
0
0
0
0
0
0
0
0
0
0
0
0
0
0
0
0
43
311
509
632
714
771
814
845
870
888
893
890
899
904
905
904
898
837
824
855
829
794
746
681
589
449
229
13
0
0
0
0
0
0
0
0
0
0
0
0
0
0
0
0
0
0
0
0
27
237
431
559
648
711
758
794
822
842
870
897
901
902
900
894
884
868
806
222
151
318
675
621
522
377
106
0
0
0
0
0
0
0
0
0
0
0
0
0
0
0
0
0
0
0
0
0
16
158
464
607
702
771
818
812
714
552
440
801
722
871
907
847
847
701
775
839
794
756
556
516
510
352
116
0
0
0
0
0
0
0
0
0
0
0
0
0
0
0
0
0
0
0
0
0
7
44
144
144
46
129
395
808
836
841
882
908
915
918
918
915
902
882
868
849
664
751
740
614
444
425
183
0
0
0
0
0
0
0
0
0
0
0
0
0
0
0
0
0
0
0
0
0
15
234
471
605
692
753
796
827
850
866
877
883
888
890
890
887
892
851
380
202
153
114
68
127
124
87
30
0
0
0
0
0
0
0
0
0
0
0
0
0
0
0
0
0
0
0
0
0
0
34
118
430
281
416
797
831
857
876
895
911
917
920
918
913
905
892
857
503
382
665
490
477
443
358
168
0
0
0
0
0
0
0
0
0
0
0
0
0
0
0
0
0
0
0
0
0
20
242
209
556
752
812
856
889
913
932
947
959
965
968
968
965
952
933
917
870
821
826
777
702
590
427
165
0
0
0
0
0
0
0
0
0
0
0
0
0
0
0
0
0
0
0
0
0
7
115
360
404
590
716
764
800
799
634
826
867
873
875
873
868
856
837
762
336
158
318
248
74
219
173
56
0
0
0
0
0
0
0
0
0
0
0
0
0
0
0
0
0
0
0
0
0
4
73
156
236
309
350
353
349
442
457
493
506
396
277
302
374
579
644
724
787
631
616
607
546
415
302
101
0
0
0
0
0
0
0
0
0
0
0
0
0
0
0
0
0
0
0
0
0
10
119
449
591
684
751
797
831
855
871
872
864
864
859
856
847
849
849
837
820
772
667
710
621
546
386
132
0
0
0
0
0
0
0
0
0
0
0
0
0
0
0
0
0
0
0
0
0
10
48
24
65
91
372
733
759
649
554
531
772
863
717
928
924
902
871
858
840
814
780
728
578
531
350
102
0
0
0
0
0
0
0
0
0
0
0
0
0
0
0
0
0
0
0
0
0
14
242
420
409
547
763
809
843
869
888
887
878
850
886
885
881
894
913
897
875
846
808
759
688
584
387
113
0
0
0
0
0
0
0
0
0
0
0
0
0
0
0
0
0
0
0
0
0
4
4
1
4
6
0
2
46
524
840
863
884
893
898
901
901
895
822
582
791
798
797
746
678
436
368
125
0
0
0
0
0
0
0
0
0
0
0
0
0
0
0
0
0
0
0
0
0
0
3
8
18
13
38
426
577
860
884
902
916
921
924
815
735
764
319
236
254
25
39
239
193
171
201
23
0
0
0
0
0
0
0
0
0
0
0
0
0
0
0
0
0
0
0
0
0
0
200
445
596
693
760
808
845
872
893
905
911
919
924
927
928
921
912
899
881
855
820
769
697
587
406
105
0
0
0
0
0
0
0
0
0
0
0
0
0
0
0
0
0
0
0
0
0
0
284
556
644
783
842
885
917
940
925
968
975
962
983
983
980
972
960
946
926
862
754
812
740
630
445
109
0
0
0
0
0
0
0
0
0
0
0
0
0
0
0
0
0
0
0
0
0
0
90
211
303
301
639
562
413
517
510
488
543
479
427
485
732
882
887
889
841
845
801
745
660
530
332
65
0
0
0
0
0
0
0
0
0
0
0
0
0
0
0
0
0
0
0
0
0
0
176
453
608
704
770
817
852
878
898
909
915
921
924
923
919
908
891
874
852
823
782
725
641
494
189
14
0
0
0
0
0
0
0
0
0
0
0
0
0
0
0
0
0
0
0
0
0
0
72
147
442
683
708
789
711
784
885
898
905
910
911
909
904
903
901
882
857
825
782
725
641
514
273
11
0
0
0
0
0
0
0
0
0
0
0
0
0
0
0
0
0
0
0
0
0
0
68
204
581
663
386
14
44
246
391
13
4
25
184
395
400
267
136
72
105
18
41
179
26
0
0
0
0
0
0
0
0
0
0
0
0
0
0
0
0
0
0
0
0
0
0
0
0
0
183
409
529
540
469
599
234
4
0
0
4
18
33
184
625
783
870
835
785
750
783
725
642
516
181
6
0
0
0
0
0
0
0
0
0
0
0
0
0
0
0
0
0
0
0
0
0
0
0
0
0
129
300
124
20
30
27
80
128
574
817
801
880
916
903
890
872
846
810
754
677
559
351
48
0
0
0
0
0
0
0
0
0
0
0
0
0
0
0
0
0
0
0
0
0
0
184
464
619
718
784
831
866
893
914
926
932
939
942
942
939
932
901
903
880
850
808
750
668
540
321
39
0
0
0
0
0
0
0
0
0
0
0
0
0
0
0
0
0
0
0
0
0
0
188
475
632
729
794
839
871
895
911
761
602
803
915
905
889
876
886
745
831
794
605
346
212
230
53
0
0
0
0
0
0
0
0
0
0
0
0
0
0
0
0
0
0
0
0
0
0
0
0
0
1
16
80
216
232
378
592
225
32
90
110
102
187
263
414
602
166
9
2
87
75
0
0
0
0
0
0
0
0
0
0
0
0
0
0
0
0
0
0
0
0
0
0
0
0
0
191
478
591
642
571
478
477
378
793
188
93
48
4
0
45
210
399
715
781
511
712
721
637
509
284
18
0
0
0
0
0
0
0
0
0
0
0
0
0
0
0
0
0
0
0
0
0
0
178
466
628
729
798
845
880
907
928
943
955
907
967
910
856
955
940
925
905
877
838
781
698
564
302
0
0
0
0
0
0
0
0
0
0
0
0
0
0
0
0
0
0
0
0
0
0
0
178
468
629
727
792
838
872
897
916
926
931
938
941
941
937
929
917
899
875
840
777
730
629
453
195
0
0
0
0
0
0
0
0
0
0
0
0
0
0
0
0
0
0
0
0
0
0
0
175
465
628
728
793
839
873
898
917
935
950
957
961
961
959
950
937
921
899
868
825
765
661
436
105
0
0
0
0
0
0
0
0
0
0
0
0
0
0
0
0
0
0
0
0
0
0
0
138
434
603
708
778
827
864
892
912
927
938
945
949
949
947
936
919
902
880
835
791
739
642
483
215
0
0
0
0
0
0
0
0
0
0
0
0
0
0
0
0
0
0
0
0
0
0
0
132
428
600
706
778
828
865
892
913
932
948
954
957
956
951
939
922
904
879
845
799
491
449
484
198
0
0
0
0
0
0
0
0
0
0
0
0
0
0
0
0
0
0
0
0
0
0
0
130
429
602
708
779
828
864
891
910
921
927
934
936
936
932
922
907
891
868
835
791
725
628
472
187
0
0
0
0
0
0
0
0
0
0
0
0
0
0
0
0
0
0
0
0
0
0
0
128
428
603
709
780
829
865
891
911
922
927
934
938
938
935
928
917
901
877
846
802
736
640
483
190
0
0
0
0
0
0
0
0
0
0
0
0
0
0
0
0
0
0
0
0
0
0
0
129
430
603
708
778
828
866
894
915
930
941
948
952
952
948
936
919
901
877
844
798
732
609
469
176
0
0
0
0
0
0
0
0
0
0
0
0
0
0
0
0
0
0
0
0
0
0
0
140
452
625
729
797
844
878
904
922
927
927
932
935
933
929
920
908
889
863
828
780
710
608
441
141
0
0
0
0
0
0
0
0
0
0
0
0
0
0
0
0
0
0
0
0
0
0
0
130
435
610
715
784
832
867
893
912
929
944
950
952
952
948
935
916
899
875
842
795
728
627
459
148
0
0
0
0
0
0
0
0
0
0
0
0
0
0
0
0
0
0
0
0
0
0
0
115
409
589
698
771
822
860
888
908
918
922
929
932
931
926
916
900
879
851
813
761
689
577
365
95
0
0
0
0
0
0
0
0
0
0
0
0
0
0
0
0
0
0
0
0
0
0
0
75
358
549
667
748
801
840
867
887
901
909
913
914
911
519
203
477
154
485
512
384
73
98
56
16
0
0
0
0
0
0
0
0
0
0
0
0
0
0
0
0
0
0
0
0
0
0
0
0
59
226
70
20
8
40
29
1
0
3
0
2
8
1
8
24
52
53
3
177
389
248
161
66
0
0
0
0
0
0
0
0
0
0
0
0
0
0
0
0
0
0
0
0
0
0
0
106
452
647
758
828
875
909
932
949
957
960
963
964
959
951
562
498
849
853
640
431
298
280
149
6
0
0
0
0
0
0
0
0
0
0
0
0
0
0
0
0
0
0
0
0
0
0
0
90
407
604
722
800
855
894
923
946
964
979
986
988
986
982
969
950
930
903
867
817
744
630
434
98
0
0
0
0
0
0
0
0
0
0
0
0
0
0
0
0
0
0
0
0
0
0
0
110
468
664
777
849
898
934
959
978
987
991
996
999
997
993
984
971
953
928
892
843
770
655
453
89
0
0
0
0
0
0
0
0
0
0
0
0
0
0
0
0
0
0
0
0
0
0
0
100
439
632
745
818
867
903
929
949
964
974
979
981
980
974
962
944
924
897
860
808
732
613
407
65
0
0
0
0
0
0
0
0
0
0
0
0
0
0
0
0
0
0
0
0
0
0
0
87
406
602
716
678
573
838
900
835
774
912
929
928
924
916
901
669
210
305
496
604
531
519
304
42
0
0
0
0
0
0
0
0
0
0
0
0
0
0
0
0
0
0
0
0
0
0
0
28
90
94
151
190
490
534
661
706
696
287
677
890
870
867
776
592
836
807
749
629
511
478
265
29
0
0
0
0
0
0
0
0
0
0
0
0
0
0
0
0
0
0
0
0
0
0
0
32
265
469
606
702
771
824
862
892
914
931
940
946
948
946
941
932
912
884
846
792
711
584
361
29
0
0
0
0
0
0
0
0
0
0
0
0
0
0
0
0
0
0
0
0
0
0
0
61
392
598
718
795
849
886
914
934
948
957
962
963
960
953
941
923
900
869
827
769
684
548
317
22
0
0
0
0
0
0
0
0
0
0
0
0
0
0
0
0
0
0
0
0
0
0
0
51
351
559
685
768
825
866
895
918
930
936
942
945
944
939
931
919
898
869
828
771
685
552
321
23
0
0
0
0
0
0
0
0
0
0
0
0
0
0
0
0
0
0
0
0
0
0
0
56
377
589
713
793
849
889
919
942
953
958
963
965
962
957
778
869
911
866
825
784
699
554
302
18
0
0
0
0
0
0
0
0
0
0
0
0
0
0
0
0
0
0
0
0
0
0
0
39
318
532
659
740
796
838
804
890
871
703
243
475
693
702
480
282
434
235
90
50
20
0
0
0
0
0
0
0
0
0
0
0
0
0
0
0
0
0
0
0
0
0
0
0
0
0
0
14
230
418
56
257
740
803
785
686
817
861
744
562
849
871
867
862
652
717
781
725
633
489
227
0
0
0
0
0
0
0
0
0
0
0
0
0
0
0
0
0
0
0
0
0
0
0
0
62
413
629
749
824
874
909
934
952
963
969
973
974
972
967
953
933
913
885
845
788
702
560
283
0
0
0
0
0
0
0
0
0
0
0
0
0
0
0
0
0
0
0
0
0
0
0
0
27
357
584
712
795
849
889
916
938
945
946
951
952
949
943
933
920
896
864
818
753
660
502
219
0
0
0
0
0
0
0
0
0
0
0
0
0
0
0
0
0
0
0
0
0
0
0
0
30
381
609
736
816
871
909
937
958
970
976
980
981
978
972
958
939
916
884
841
779
686
531
223
0
0
0
0
0
0
0
0
0
0
0
0
0
0
0
0
0
0
0
0
0
0
0
0
30
286
389
639
816
868
904
930
948
931
718
543
868
963
957
947
889
554
649
504
763
686
528
215
0
0
0
0
0
0
0
0
0
0
0
0
0
0
0
0
0
0
0
0
0
0
0
0
20
310
549
686
736
364
215
204
517
278
258
94
143
85
15
119
131
307
57
0
241
190
55
12
0
0
0
0
0
0
0
0
0
0
0
0
0
0
0
0
0
0
0
0
0
0
0
0
18
299
298
198
514
270
19
502
736
129
110
408
235
120
112
10
41
6
24
8
233
552
192
66
0
0
0
0
0
0
0
0
0
0
0
0
0
0
0
0
0
0
0
0
0
0
0
0
18
305
558
700
789
849
891
921
942
951
952
954
924
617
615
871
886
490
460
797
730
621
290
21
0
0
0
0
0
0
0
0
0
0
0
0
0
0
0
0
0
0
0
0
0
0
0
0
24
349
597
733
816
872
911
940
960
975
984
990
992
990
984
971
951
928
896
850
784
682
508
166
0
0
0
0
0
0
0
0
0
0
0
0
0
0
0
0
0
0
0
0
0
0
0
0
4
33
0
32
167
224
297
279
316
383
257
296
161
100
253
148
165
310
244
342
244
232
121
33
0
0
0
0
0
0
0
0
0
0
0
0
0
0
0
0
0
0
0
0
0
0
0
0
0
0
0
0
0
0
0
0
4
1
9
8
46
48
47
8
11
38
5
4
0
0
0
0
0
0
0
0
0
0
0
0
0
0
0
0
0
0
0
0
0
0
0
0
0
0
0
0
0
124
416
172
7
36
63
55
76
100
423
394
445
592
475
429
102
326
313
794
544
579
470
119
0
0
0
0
0
0
0
0
0
0
0
0
0
0
0
0
0
0
0
0
0
0
0
0
0
338
618
600
537
806
906
322
120
638
936
978
978
974
603
318
523
413
239
234
85
327
186
94
0
0
0
0
0
0
0
0
0
0
0
0
0
0
0
0
0
0
0
0
0
0
0
0
0
189
387
141
35
128
424
118
172
519
250
241
106
38
16
8
13
20
136
534
483
461
379
70
0
0
0
0
0
0
0
0
0
0
0
0
0
0
0
0
0
0
0
0
0
0
0
0
0
91
248
119
0
0
0
1
4
10
12
6
6
5
1
2
3
9
174
609
655
290
188
37
0
0
0
0
0
0
0
0
0
0
0
0
0
0
0
0
0
0
0
0
0
0
0
0
0
56
219
161
0
0
0
0
2
2
7
12
26
453
266
17
26
2
59
476
538
362
291
46
0
0
0
0
0
0
0
0
0
0
0
0
0
0
0
0
0
0
0
0
0
0
0
0
0
0
0
0
1
60
32
3
0
0
0
5
4
3
4
4
6
1
172
738
683
517
281
21
0
0
0
0
0
0
0
0
0
0
0
0
0
0
0
0
0
0
0
0
0
0
0
0
0
163
388
487
108
400
625
216
207
752
879
693
428
243
309
468
822
539
734
751
673
545
333
44
0
0
0
0
0
0
0
0
0
0
0
0
0
0
0
0
0
0
0
0
0
0
0
0
0
181
499
657
755
818
862
893
892
931
942
947
948
945
937
925
743
566
765
313
176
329
137
56
0
0
0
0
0
0
0
0
0
0
0
0
0
0
0
0
0
0
0
0
0
0
0
0
0
160
396
206
7
304
473
38
34
30
31
36
99
234
523
881
877
849
810
753
669
537
312
35
0
0
0
0
0
0
0
0
0
0
0
0
0
0
0
0
0
0
0
0
0
0
0
0
0
64
159
220
285
329
238
202
276
346
733
645
681
800
826
882
858
778
773
737
656
522
298
20
0
0
0
0
0
0
0
0
0
0
0
0
0
0
0
0
0
0
0
0
0
0
0
0
0
0
0
0
0
0
0
0
0
0
7
2
0
0
0
0
0
0
0
0
0
0
0
0
0
0
0
0
0
0
0
0
0
0
0
0
0
0
0
0
0
0
0
0
0
0
0
0
0
182
491
662
767
832
880
914
939
945
944
895
957
955
948
936
917
890
851
794
710
577
336
23
0
0
0
0
0
0
0
0
0
0
0
0
0
0
0
0
0
0
0
0
0
0
0
0
0
180
522
690
790
855
901
932
955
968
974
978
979
975
967
954
935
906
867
812
730
596
350
24
0
0
0
0
0
0
0
0
0
0
0
0
0
0
0
0
0
0
0
0
0
0
0
0
0
168
503
673
773
839
884
917
940
957
969
974
975
972
965
950
928
902
866
811
730
594
326
0
0
0
0
0
0
0
0
0
0
0
0
0
0
0
0
0
0
0
0
0
0
0
0
0
0
188
541
710
808
871
914
945
966
976
979
984
986
983
976
967
954
927
891
838
757
622
346
0
0
0
0
0
0
0
0
0
0
0
0
0
0
0
0
0
0
0
0
0
0
0
0
0
0
179
527
698
797
861
906
937
959
974
983
988
990
986
979
962
937
911
874
817
732
590
310
0
0
0
0
0
0
0
0
0
0
0
0
0
0
0
0
0
0
0
0
0
0
0
0
0
0
150
462
685
787
834
895
887
711
952
920
863
868
950
799
516
518
666
536
359
380
293
135
0
0
0
0
0
0
0
0
0
0
0
0
0
0
0
0
0
0
0
0
0
0
0
0
0
0
13
8
27
43
13
62
40
28
86
28
64
39
82
140
316
359
171
316
104
34
47
19
0
0
0
0
0
0
0
0
0
0
0
0
0
0
0
0
0
0
0
0
0
0
0
0
0
0
70
351
521
658
734
782
333
37
1
285
191
387
817
819
844
878
762
552
20
141
480
214
0
0
0
0
0
0
0
0
0
0
0
0
0
0
0
0
0
0
0
0
0
0
0
0
0
0
24
141
230
578
853
904
937
964
980
988
994
995
962
760
595
470
820
845
780
724
528
190
0
0
0
0
0
0
0
0
0
0
0
0
0
0
0
0
0
0
0
0
0
0
0
0
0
0
134
505
681
816
881
925
954
976
987
992
998
1000
997
990
973
947
919
879
820
730
579
258
0
0
0
0
0
0
0
0
0
0
0
0
0
0
0
0
0
0
0
0
0
0
0
0
0
0
95
407
584
782
862
907
939
962
974
978
985
988
985
979
968
952
925
887
831
742
591
266
0
0
0
0
0
0
0
0
0
0
0
0
0
0
0
0
0
0
0
0
0
0
0
0
0
0
72
377
636
782
847
893
923
945
959
966
968
967
962
951
930
900
869
814
628
431
322
123
0
0
0
0
0
0
0
0
0
0
0
0
0
0
0
0
0
0
0
0
0
0
0
0
0
0
38
164
297
647
796
781
929
544
834
977
983
983
978
953
956
937
907
864
802
706
546
227
0
0
0
0
0
0
0
0
0
0
0
0
0
0
0
0
0
0
0
0
0
0
0
0
0
0
74
442
647
762
833
883
917
939
957
967
971
972
966
956
941
918
889
847
786
693
532
191
0
0
0
0
0
0
0
0
0
0
0
0
0
0
0
0
0
0
0
0
0
0
0
0
0
0
72
436
641
755
828
877
912
937
953
963
971
974
971
963
947
924
893
848
784
686
520
181
0
0
0
0
0
0
0
0
0
0
0
0
0
0
0
0
0
0
0
0
0
0
0
0
0
0
75
452
661
777
850
899
933
956
972
980
983
983
979
969
953
930
899
856
794
697
531
185
0
0
0
0
0
0
0
0
0
0
0
0
0
0
0
0
0
0
0
0
0
0
0
0
0
0
41
326
494
530
659
613
550
346
252
210
237
368
324
343
357
578
582
735
564
468
152
61
0
0
0
0
0
0
0
0
0
0
0
0
0
0
0
0
0
0
0
0
0
0
0
0
0
0
23
216
388
132
9
19
119
119
112
149
331
899
940
933
917
894
860
812
741
634
454
136
0
0
0
0
0
0
0
0
0
0
0
0
0
0
0
0
0
0
0
0
0
0
0
0
0
0
33
399
628
755
834
886
921
943
962
974
979
979
975
965
945
915
876
819
740
619
432
120
0
0
0
0
0
0
0
0
0
0
0
0
0
0
0
0
0
0
0
0
0
0
0
0
0
0
24
301
531
763
844
897
934
960
931
658
425
100
128
91
55
23
2
4
14
0
0
0
0
0
0
0
0
0
0
0
0
0
0
0
0
0
0
0
0
0
0
0
0
0
0
0
0
0
27
308
573
790
868
920
956
982
1000
1011
1018
1020
1017
1010
990
961
930
887
822
719
539
176
0
0
0
0
0
0
0
0
0
0
0
0
0
0
0
0
0
0
0
0
0
0
0
0
0
0
35
363
608
786
864
917
952
898
900
986
910
981
931
740
556
758
881
874
605
530
489
79
0
0
0
0
0
0
0
0
0
0
0
0
0
0
0
0
0
0
0
0
0
0
0
0
0
0
22
361
612
776
857
912
949
975
989
996
1003
1005
1002
994
979
956
926
882
817
714
533
144
0
0
0
0
0
0
0
0
0
0
0
0
0
0
0
0
0
0
0
0
0
0
0
0
0
0
31
406
651
782
862
915
951
976
990
997
1003
1004
1000
991
970
940
907
856
710
619
397
76
0
0
0
0
0
0
0
0
0
0
0
0
0
0
0
0
0
0
0
0
0
0
0
0
0
0
0
284
593
745
830
887
926
954
972
983
989
991
959
951
965
944
912
865
795
683
501
128
0
0
0
0
0
0
0
0
0
0
0
0
0
0
0
0
0
0
0
0
0
0
0
0
0
0
0
101
180
461
669
728
868
806
915
940
916
949
882
804
774
884
590
219
287
602
407
90
0
0
0
0
0
0
0
0
0
0
0
0
0
0
0
0
0
0
0
0
0
0
0
0
0
0
0
276
550
698
792
858
903
934
957
970
981
990
990
986
977
954
924
886
827
724
536
141
0
0
0
0
0
0
0
0
0
0
0
0
0
0
0
0
0
0
0
0
0
0
0
0
0
0
0
254
564
705
791
849
886
912
936
952
958
661
932
921
875
638
532
509
276
102
99
14
0
0
0
0
0
0
0
0
0
0
0
0
0
0
0
0
0
0
0
0
0
0
0
0
0
0
0
204
471
633
734
803
850
886
908
919
930
937
940
935
920
899
870
825
754
644
450
106
0
0
0
0
0
0
0
0
0
0
0
0
0
0
0
0
0
0
0
0
0
0
0
0
0
0
0
92
299
377
394
526
106
14
165
219
65
47
8
32
14
0
15
1
3
1
0
4
0
0
0
0
0
0
0
0
0
0
0
0
0
0
0
0
0
0
0
0
0
0
0
0
0
0
0
179
448
690
864
919
956
935
929
1010
990
866
863
968
970
608
629
692
735
675
398
116
0
0
0
0
0
0
0
0
0
0
0
0
0
0
0
0
0
0
0
0
0
0
0
0
0
0
0
58
251
445
653
460
511
577
571
584
887
704
599
722
571
612
586
596
483
374
240
54
0
0
0
0
0
0
0
0
0
0
0
0
0
0
0
0
0
0
0
0
0
0
0
0
0
0
0
198
354
535
804
916
955
984
1006
1020
1028
1029
1026
1018
999
971
940
895
828
720
527
100
0
0
0
0
0
0
0
0
0
0
0
0
0
0
0
0
0
0
0
0
0
0
0
0
0
0
0
57
195
646
700
515
414
526
520
495
593
848
714
786
928
896
709
780
510
588
337
9
0
0
0
0
0
0
0
0
0
0
0
0
0
0
0
0
0
0
0
0
0
0
0
0
0
0
0
257
620
773
863
920
959
986
1004
1015
1022
1024
1020
1012
996
971
940
894
826
717
521
97
0
0
0
0
0
0
0
0
0
0
0
0
0
0
0
0
0
0
0
0
0
0
0
0
0
0
0
228
595
752
842
898
937
964
980
988
970
922
969
986
970
946
915
870
802
694
500
92
0
0
0
0
0
0
0
0
0
0
0
0
0
0
0
0
0
0
0
0
0
0
0
0
0
0
0
56
169
638
595
588
507
459
855
828
765
953
579
348
341
513
316
113
371
645
443
75
0
0
0
0
0
0
0
0
0
0
0
0
0
0
0
0
0
0
0
0
0
0
0
0
0
0
0
168
503
486
11
5
186
294
414
917
863
783
818
963
664
843
859
835
764
652
449
76
0
0
0
0
0
0
0
0
0
0
0
0
0
0
0
0
0
0
0
0
0
0
0
0
0
0
0
151
455
710
808
872
914
944
962
972
980
983
981
973
958
934
901
855
785
674
477
85
0
0
0
0
0
0
0
0
0
0
0
0
0
0
0
0
0
0
0
0
0
0
0
0
0
0
0
0
0
0
52
68
77
139
13
276
401
491
306
139
65
44
29
68
54
139
308
61
0
0
0
0
0
0
0
0
0
0
0
0
0
0
0
0
0
0
0
0
0
0
0
0
0
0
0
164
393
676
304
257
320
442
813
552
957
1002
1000
993
980
958
928
885
824
718
526
100
0
0
0
0
0
0
0
0
0
0
0
0
0
0
0
0
0
0
0
0
0
0
0
0
0
0
0
132
500
688
813
853
912
940
959
971
980
983
982
883
639
615
575
549
615
439
306
82
0
0
0
0
0
0
0
0
0
0
0
0
0
0
0
0
0
0
0
0
0
0
0
0
0
0
0
27
162
309
416
355
296
362
388
394
415
468
544
558
403
394
293
154
65
122
103
1
0
0
0
0
0
0
0
0
0
0
0
0
0
0
0
0
0
0
0
0
0
0
0
0
0
0
0
26
160
347
406
539
547
572
773
440
424
398
224
176
142
106
136
267
416
320
173
58
0
0
0
0
0
0
0
0
0
0
0
0
0
0
0
0
0
0
0
0
0
0
0
0
0
0
0
0
0
4
30
51
12
9
13
9
1
0
0
0
0
1
0
0
0
0
0
0
0
0
0
0
0
0
0
0
0
0
0
0
0
0
0
0
0
0
0
0
0
0
0
0
0
0
0
69
333
311
146
47
539
879
903
901
932
872
920
939
922
897
866
822
752
642
444
77
0
0
0
0
0
0
0
0
0
0
0
0
0
0
0
0
0
0
0
0
0
0
0
0
0
0
0
112
435
638
805
893
937
967
984
992
1000
1004
1001
994
978
954
923
877
809
700
506
94
0
0
0
0
0
0
0
0
0
0
0
0
0
0
0
0
0
0
0
0
0
0
0
0
0
0
0
91
482
727
783
899
944
972
937
735
996
998
995
987
974
929
899
829
690
506
154
40
0
0
0
0
0
0
0
0
0
0
0
0
0
0
0
0
0
0
0
0
0
0
0
0
0
0
0
0
0
0
1
14
47
159
172
373
349
305
207
307
123
46
58
55
11
1
0
0
0
0
0
0
0
0
0
0
0
0
0
0
0
0
0
0
0
0
0
0
0
0
0
0
0
0
0
76
418
271
339
17
249
578
324
797
945
950
948
940
819
317
590
825
756
646
429
53
0
0
0
0
0
0
0
0
0
0
0
0
0
0
0
0
0
0
0
0
0
0
0
0
0
0
0
64
362
540
773
872
920
953
980
1001
1011
1016
1015
1014
1005
981
952
909
845
742
556
130
0
0
0
0
0
0
0
0
0
0
0
0
0
0
0
0
0
0
0
0
0
0
0
0
0
0
0
77
558
765
871
936
976
1003
1024
1034
1038
1040
1038
1030
999
924
881
843
519
329
206
57
0
0
0
0
0
0
0
0
0
0
0
0
0
0
0
0
0
0
0
0
0
0
0
0
0
0
0
13
113
256
263
353
525
862
822
525
620
971
709
452
184
27
137
502
678
511
329
82
0
0
0
0
0
0
0
0
0
0
0
0
0
0
0
0
0
0
0
0
0
0
0
0
0
0
0
2
0
0
7
25
37
174
349
469
522
304
19
6
60
58
45
21
18
2
0
5
0
0
0
0
0
0
0
0
0
0
0
0
0
0
0
0
0
0
0
0
0
0
0
0
0
0
0
5
0
0
0
5
5
168
357
423
507
777
451
33
14
141
66
0
0
71
53
23
0
0
0
0
0
0
0
0
0
0
0
0
0
0
0
0
0
0
0
0
0
0
0
0
0
0
0
0
75
0
0
163
103
75
452
918
931
821
841
927
918
905
875
830
627
634
458
120
0
0
0
0
0
0
0
0
0
0
0
0
0
0
0
0
0
0
0
0
0
0
0
0
0
0
0
47
485
630
790
890
938
970
990
998
1005
1008
1006
999
985
964
935
892
829
728
551
154
0
0
0
0
0
0
0
0
0
0
0
0
0
0
0
0
0
0
0
0
0
0
0
0
0
0
0
35
442
645
781
886
934
966
988
1002
1012
1016
1015
1009
986
951
920
874
805
696
509
132
0
0
0
0
0
0
0
0
0
0
0
0
0
0
0
0
0
0
0
0
0
0
0
0
0
0
0
8
182
232
304
433
472
606
581
547
418
487
375
331
335
349
171
120
120
155
97
8
0
0
0
0
0
0
0
0
0
0
0
0
0
0
0
0
0
0
0
0
0
0
0
0
0
0
0
14
261
574
723
868
918
951
974
990
998
1001
999
991
975
949
919
747
730
709
533
148
0
0
0
0
0
0
0
0
0
0
0
0
0
0
0
0
0
0
0
0
0
0
0
0
0
0
0
38
429
616
525
259
654
931
946
954
964
772
579
806
950
933
902
858
793
691
389
103
0
0
0
0
0
0
0
0
0
0
0
0
0
0
0
0
0
0
0
0
0
0
0
0
0
0
0
34
380
548
723
836
887
920
943
960
970
974
973
967
953
931
902
859
795
696
525
148
0
0
0
0
0
0
0
0
0
0
0
0
0
0
0
0
0
0
0
0
0
0
0
0
0
0
0
9
26
56
73
88
132
146
164
149
104
65
42
23
28
12
8
38
4
0
0
1
0
0
0
0
0
0
0
0
0
0
0
0
0
0
0
0
0
0
0
0
0
0
0
0
0
0
0
8
14
30
47
31
680
569
72
333
267
311
138
62
73
118
38
234
184
85
55
15
0
0
0
0
0
0
0
0
0
0
0
0
0
0
0
0
0
0
0
0
0
0
0
0
0
0
0
22
81
115
687
692
658
924
947
964
974
709
562
381
188
237
369
137
178
18
144
105
0
0
0
0
0
0
0
0
0
0
0
0
0
0
0
0
0
0
0
0
0
0
0
0
0
0
0
3
3
3
19
21
1
3
4
1
2
13
25
21
51
2
3
6
9
0
0
0
0
0
0
0
0
0
0
0
0
0
0
0
0
0
0
0
0
0
0
0
0
0
0
0
0
0
0
0
84
246
323
508
710
635
551
471
465
448
512
467
346
317
259
334
399
663
526
202
0
0
0
0
0
0
0
0
0
0
0
0
0
0
0
0
0
0
0
0
0
0
0
0
0
0
0
0
145
360
543
589
709
852
979
994
1004
1010
1009
1004
992
973
945
905
844
749
589
222
0
0
0
0
0
0
0
0
0
0
0
0
0
0
0
0
0
0
0
0
0
0
0
0
0
0
0
0
389
650
792
869
914
949
972
982
990
994
990
981
970
952
927
888
781
734
387
3
0
0
0
0
0
0
0
0
0
0
0
0
0